date	week	time	day	s	sum
1/1/14	4	0	0	0	0
1/2/14	5	1	1	1	1
1/3/14	6	1	1	2	2
1/4/14	7	0	0	2	2
1/5/14	1	0	0	2	2
1/6/14	2	1	1	3	3
1/7/14	3	1	1	4	4
1/8/14	4	1	1	5	5
1/9/14	5	1	1	6	6
1/10/14	6	1	1	7	7
1/11/14	7	0	0	7	7
1/12/14	1	0	0	7	7
1/13/14	2	1	1	8	8
1/14/14	3	1	1	9	9
1/15/14	4	1	1	10	10
1/16/14	5	1	1	11	11
1/17/14	6	1	1	12	12
1/18/14	7	0	0	12	12
1/19/14	1	0	0	12	12
1/20/14	2	1	1	13	13
1/21/14	3	1	1	14	14
1/22/14	4	1	1	15	15
1/23/14	5	1	1	16	16
1/24/14	6	1	1	17	17
1/25/14	7	0	0	17	17
1/26/14	1	1	1	18	18
1/27/14	2	1	1	19	19
1/28/14	3	1	1	20	20
1/29/14	4	1	1	21	21
1/30/14	5	1	1	22	22
1/31/14	6	0	0	22	22
2/1/14	7	0	0	22	22
2/2/14	1	0	0	22	22
2/3/14	2	0	0	22	22
2/4/14	3	0	0	22	22
2/5/14	4	0	0	22	22
2/6/14	5	0	0	22	22
2/7/14	6	1	1	23	23
2/8/14	7	1	1	24	24
2/9/14	1	0	0	24	24
2/10/14	2	1	1	25	25
2/11/14	3	1	1	26	26
2/12/14	4	1	1	27	27
2/13/14	5	1	1	28	28
2/14/14	6	1	1	29	29
2/15/14	7	0	0	29	29
2/16/14	1	0	0	29	29
2/17/14	2	1	1	30	30
2/18/14	3	1	1	31	31
2/19/14	4	1	1	32	32
2/20/14	5	1	1	33	33
2/21/14	6	1	1	34	34
2/22/14	7	0	0	34	34
2/23/14	1	0	0	34	34
2/24/14	2	1	1	35	35
2/25/14	3	1	1	36	36
2/26/14	4	1	1	37	37
2/27/14	5	1	1	38	38
2/28/14	6	1	1	39	39
3/1/14	7	0	0	39	39
3/2/14	1	0	0	39	39
3/3/14	2	1	1	40	40
3/4/14	3	1	1	41	41
3/5/14	4	1	1	42	42
3/6/14	5	1	1	43	43
3/7/14	6	1	1	44	44
3/8/14	7	0	0	44	44
3/9/14	1	0	0	44	44
3/10/14	2	1	1	45	45
3/11/14	3	1	1	46	46
3/12/14	4	1	1	47	47
3/13/14	5	1	1	48	48
3/14/14	6	1	1	49	49
3/15/14	7	0	0	49	49
3/16/14	1	0	0	49	49
3/17/14	2	1	1	50	50
3/18/14	3	1	1	51	51
3/19/14	4	1	1	52	52
3/20/14	5	1	1	53	53
3/21/14	6	1	1	54	54
3/22/14	7	0	0	54	54
3/23/14	1	0	0	54	54
3/24/14	2	1	1	55	55
3/25/14	3	1	1	56	56
3/26/14	4	1	1	57	57
3/27/14	5	1	1	58	58
3/28/14	6	1	1	59	59
3/29/14	7	0	0	59	59
3/30/14	1	0	0	59	59
3/31/14	2	1	1	60	60
4/1/14	3	1	1	61	61
4/2/14	4	1	1	62	62
4/3/14	5	1	1	63	63
4/4/14	6	1	1	64	64
4/5/14	7	1	1	65	65
4/6/14	1	0	0	65	65
4/7/14	2	0	0	65	65
4/8/14	3	1	1	66	66
4/9/14	4	1	1	67	67
4/10/14	5	1	1	68	68
4/11/14	6	1	1	69	69
4/12/14	7	0	0	69	69
4/13/14	1	0	0	69	69
4/14/14	2	1	1	70	70
4/15/14	3	1	1	71	71
4/16/14	4	1	1	72	72
4/17/14	5	1	1	73	73
4/18/14	6	1	1	74	74
4/19/14	7	0	0	74	74
4/20/14	1	0	0	74	74
4/21/14	2	1	1	75	75
4/22/14	3	1	1	76	76
4/23/14	4	1	1	77	77
4/24/14	5	1	1	78	78
4/25/14	6	1	1	79	79
4/26/14	7	0	0	79	79
4/27/14	1	0	0	79	79
4/28/14	2	1	1	80	80
4/29/14	3	1	1	81	81
4/30/14	4	1	1	82	82
5/1/14	5	0	0	82	82
5/2/14	6	0	0	82	82
5/3/14	7	0	0	82	82
5/4/14	1	1	1	83	83
5/5/14	2	1	1	84	84
5/6/14	3	1	1	85	85
5/7/14	4	1	1	86	86
5/8/14	5	1	1	87	87
5/9/14	6	1	1	88	88
5/10/14	7	0	0	88	88
5/11/14	1	0	0	88	88
5/12/14	2	1	1	89	89
5/13/14	3	1	1	90	90
5/14/14	4	1	1	91	91
5/15/14	5	1	1	92	92
5/16/14	6	1	1	93	93
5/17/14	7	0	0	93	93
5/18/14	1	0	0	93	93
5/19/14	2	1	1	94	94
5/20/14	3	1	1	95	95
5/21/14	4	1	1	96	96
5/22/14	5	1	1	97	97
5/23/14	6	1	1	98	98
5/24/14	7	0	0	98	98
5/25/14	1	0	0	98	98
5/26/14	2	1	1	99	99
5/27/14	3	1	1	100	100
5/28/14	4	1	1	101	101
5/29/14	5	1	1	102	102
5/30/14	6	1	1	103	103
5/31/14	7	0	0	103	103
6/1/14	1	0	0	103	103
6/2/14	2	0	0	103	103
6/3/14	3	1	1	104	104
6/4/14	4	1	1	105	105
6/5/14	5	1	1	106	106
6/6/14	6	1	1	107	107
6/7/14	7	0	0	107	107
6/8/14	1	0	0	107	107
6/9/14	2	1	1	108	108
6/10/14	3	1	1	109	109
6/11/14	4	1	1	110	110
6/12/14	5	1	1	111	111
6/13/14	6	1	1	112	112
6/14/14	7	0	0	112	112
6/15/14	1	0	0	112	112
6/16/14	2	1	1	113	113
6/17/14	3	1	1	114	114
6/18/14	4	1	1	115	115
6/19/14	5	1	1	116	116
6/20/14	6	1	1	117	117
6/21/14	7	0	0	117	117
6/22/14	1	0	0	117	117
6/23/14	2	1	1	118	118
6/24/14	3	1	1	119	119
6/25/14	4	1	1	120	120
6/26/14	5	1	1	121	121
6/27/14	6	1	1	122	122
6/28/14	7	0	0	122	122
6/29/14	1	0	0	122	122
6/30/14	2	1	1	123	123
7/1/14	3	1	1	124	124
7/2/14	4	1	1	125	125
7/3/14	5	1	1	126	126
7/4/14	6	1	1	127	127
7/5/14	7	0	0	127	127
7/6/14	1	0	0	127	127
7/7/14	2	1	1	128	128
7/8/14	3	1	1	129	129
7/9/14	4	1	1	130	130
7/10/14	5	1	1	131	131
7/11/14	6	1	1	132	132
7/12/14	7	0	0	132	132
7/13/14	1	0	0	132	132
7/14/14	2	1	1	133	133
7/15/14	3	1	1	134	134
7/16/14	4	1	1	135	135
7/17/14	5	1	1	136	136
7/18/14	6	1	1	137	137
7/19/14	7	0	0	137	137
7/20/14	1	0	0	137	137
7/21/14	2	1	1	138	138
7/22/14	3	1	1	139	139
7/23/14	4	1	1	140	140
7/24/14	5	1	1	141	141
7/25/14	6	1	1	142	142
7/26/14	7	0	0	142	142
7/27/14	1	0	0	142	142
7/28/14	2	1	1	143	143
7/29/14	3	1	1	144	144
7/30/14	4	1	1	145	145
7/31/14	5	1	1	146	146
8/1/14	6	1	1	147	147
8/2/14	7	0	0	147	147
8/3/14	1	0	0	147	147
8/4/14	2	1	1	148	148
8/5/14	3	1	1	149	149
8/6/14	4	1	1	150	150
8/7/14	5	1	1	151	151
8/8/14	6	1	1	152	152
8/9/14	7	0	0	152	152
8/10/14	1	0	0	152	152
8/11/14	2	1	1	153	153
8/12/14	3	1	1	154	154
8/13/14	4	1	1	155	155
8/14/14	5	1	1	156	156
8/15/14	6	1	1	157	157
8/16/14	7	0	0	157	157
8/17/14	1	0	0	157	157
8/18/14	2	1	1	158	158
8/19/14	3	1	1	159	159
8/20/14	4	1	1	160	160
8/21/14	5	1	1	161	161
8/22/14	6	1	1	162	162
8/23/14	7	0	0	162	162
8/24/14	1	0	0	162	162
8/25/14	2	1	1	163	163
8/26/14	3	1	1	164	164
8/27/14	4	1	1	165	165
8/28/14	5	1	1	166	166
8/29/14	6	1	1	167	167
8/30/14	7	0	0	167	167
8/31/14	1	0	0	167	167
9/1/14	2	1	1	168	168
9/2/14	3	1	1	169	169
9/3/14	4	1	1	170	170
9/4/14	5	1	1	171	171
9/5/14	6	1	1	172	172
9/6/14	7	0	0	172	172
9/7/14	1	0	0	172	172
9/8/14	2	0	0	172	172
9/9/14	3	1	1	173	173
9/10/14	4	1	1	174	174
9/11/14	5	1	1	175	175
9/12/14	6	1	1	176	176
9/13/14	7	0	0	176	176
9/14/14	1	0	0	176	176
9/15/14	2	1	1	177	177
9/16/14	3	1	1	178	178
9/17/14	4	1	1	179	179
9/18/14	5	1	1	180	180
9/19/14	6	1	1	181	181
9/20/14	7	0	0	181	181
9/21/14	1	0	0	181	181
9/22/14	2	1	1	182	182
9/23/14	3	1	1	183	183
9/24/14	4	1	1	184	184
9/25/14	5	1	1	185	185
9/26/14	6	1	1	186	186
9/27/14	7	0	0	186	186
9/28/14	1	1	1	187	187
9/29/14	2	1	1	188	188
9/30/14	3	1	1	189	189
10/1/14	4	0	0	189	189
10/2/14	5	0	0	189	189
10/3/14	6	0	0	189	189
10/4/14	7	0	0	189	189
10/5/14	1	0	0	189	189
10/6/14	2	0	0	189	189
10/7/14	3	0	0	189	189
10/8/14	4	1	1	190	190
10/9/14	5	1	1	191	191
10/10/14	6	1	1	192	192
10/11/14	7	1	1	193	193
10/12/14	1	0	0	193	193
10/13/14	2	1	1	194	194
10/14/14	3	1	1	195	195
10/15/14	4	1	1	196	196
10/16/14	5	1	1	197	197
10/17/14	6	1	1	198	198
10/18/14	7	0	0	198	198
10/19/14	1	0	0	198	198
10/20/14	2	1	1	199	199
10/21/14	3	1	1	200	200
10/22/14	4	1	1	201	201
10/23/14	5	1	1	202	202
10/24/14	6	1	1	203	203
10/25/14	7	0	0	203	203
10/26/14	1	0	0	203	203
10/27/14	2	1	1	204	204
10/28/14	3	1	1	205	205
10/29/14	4	1	1	206	206
10/30/14	5	1	1	207	207
10/31/14	6	1	1	208	208
11/1/14	7	0	0	208	208
11/2/14	1	0	0	208	208
11/3/14	2	1	1	209	209
11/4/14	3	1	1	210	210
11/5/14	4	1	1	211	211
11/6/14	5	1	1	212	212
11/7/14	6	1	1	213	213
11/8/14	7	0	0	213	213
11/9/14	1	0	0	213	213
11/10/14	2	1	1	214	214
11/11/14	3	1	1	215	215
11/12/14	4	1	1	216	216
11/13/14	5	1	1	217	217
11/14/14	6	1	1	218	218
11/15/14	7	0	0	218	218
11/16/14	1	0	0	218	218
11/17/14	2	1	1	219	219
11/18/14	3	1	1	220	220
11/19/14	4	1	1	221	221
11/20/14	5	1	1	222	222
11/21/14	6	1	1	223	223
11/22/14	7	0	0	223	223
11/23/14	1	0	0	223	223
11/24/14	2	1	1	224	224
11/25/14	3	1	1	225	225
11/26/14	4	1	1	226	226
11/27/14	5	1	1	227	227
11/28/14	6	1	1	228	228
11/29/14	7	0	0	228	228
11/30/14	1	0	0	228	228
12/1/14	2	1	1	229	229
12/2/14	3	1	1	230	230
12/3/14	4	1	1	231	231
12/4/14	5	1	1	232	232
12/5/14	6	1	1	233	233
12/6/14	7	0	0	233	233
12/7/14	1	0	0	233	233
12/8/14	2	1	1	234	234
12/9/14	3	1	1	235	235
12/10/14	4	1	1	236	236
12/11/14	5	1	1	237	237
12/12/14	6	1	1	238	238
12/13/14	7	0	0	238	238
12/14/14	1	0	0	238	238
12/15/14	2	1	1	239	239
12/16/14	3	1	1	240	240
12/17/14	4	1	1	241	241
12/18/14	5	1	1	242	242
12/19/14	6	1	1	243	243
12/20/14	7	0	0	243	243
12/21/14	1	0	0	243	243
12/22/14	2	1	1	244	244
12/23/14	3	1	1	245	245
12/24/14	4	1	1	246	246
12/25/14	5	1	1	247	247
12/26/14	6	1	1	248	248
12/27/14	7	0	0	248	248
12/28/14	1	0	0	248	248
12/29/14	2	1	1	249	249
12/30/14	3	1	1	250	250
12/31/14	4	1	1	251	251
